Input size: 16
Hidden size: 32
Output size: 1
W1:
-0.282775 0.313079 -0.811963 -1.504561 0.673858 -0.569485 0.613071 0.061565 1.895159 -0.281694 -0.236074 0.892476 1.172268 -0.646752 -0.134616 -1.000792 -0.082597 1.690102 0.375858 -0.707549 -1.066110 -0.561145 0.481441 -1.141839 -1.351563 0.493927 1.727824 1.205452 0.656884 0.189114 0.121116 -0.409229
0.294082 0.242961 -0.493735 0.703228 -0.050338 0.181736 0.321858 -1.050578 0.583195 -0.091328 1.087749 0.861103 -0.072968 -2.517870 0.318411 1.189365 -0.467897 -0.388210 0.826985 -0.770287 1.978498 -0.135204 -1.887329 1.027389 0.629952 -0.237439 1.170274 -0.371839 -0.578646 -1.108599 -1.742605 -2.188153
0.001923 -0.053149 -0.856052 0.174985 -0.773488 -0.900295 0.229731 -1.226278 0.547198 -0.325722 -0.664102 -0.408284 -1.844703 0.513481 -0.019723 0.066667 -0.676968 -0.051539 -0.007544 -0.389239 -0.735934 -0.231689 0.083788 -0.041772 -0.123861 2.040699 -0.028249 -1.473997 -0.808905 1.325427 0.708093 -1.469261
-0.367237 -1.064889 -0.405604 -0.694021 0.184610 -0.196478 -0.349232 -0.173600 0.125470 0.744806 -1.039589 1.006740 -1.218351 -0.040267 0.627841 2.370534 -0.217032 0.694715 0.317627 0.472848 1.462629 1.749354 0.463926 0.915354 -0.315326 -0.235354 -0.051987 0.755961 -0.252006 0.629696 -0.688225 -0.657275
-1.527941 0.174661 -0.457709 1.482337 -0.776159 -0.058548 0.827320 1.327922 2.265797 0.850764 0.121437 1.315634 -0.160761 -0.941663 1.080500 0.771709 -2.541104 1.322179 0.882523 0.126719 -0.533071 0.463178 0.560824 0.151322 0.361091 1.483639 0.637677 -1.243135 -0.046374 0.006769 -2.353145 0.079594
-0.032470 -0.240268 -1.196431 0.517267 0.134203 -0.780897 -0.062530 -0.153646 -0.109361 1.759186 -1.345040 1.765646 -0.182231 -0.956653 0.078466 0.536297 -0.333358 -0.149482 0.115647 -1.280413 0.120116 0.452539 -0.944137 1.434103 0.723006 -0.328136 0.170133 0.876444 0.729040 -2.292258 -0.947507 0.418228
0.499894 -1.349332 -0.575449 -1.841620 0.769997 -1.150219 1.175959 1.027030 1.863561 -0.287766 -0.704163 -0.146614 -0.341021 -1.060379 1.339845 0.525245 0.265644 0.236728 0.777533 -0.688499 0.260502 -0.182464 -0.436066 -0.473903 -1.166631 -0.368906 -0.605015 -0.579001 1.020557 0.197799 1.087706 -0.529403
-0.830077 0.345198 -0.824888 -1.331852 -0.549543 0.592759 0.081875 0.251865 -0.007028 1.960741 -0.183348 1.022902 -0.165366 1.258592 0.403070 -0.741520 -1.315805 0.756935 -0.533185 -0.596863 -0.176070 -0.431494 -0.516163 -0.643149 -1.633728 0.591045 0.027690 0.303797 0.200559 0.677671 0.630600 -0.462859
-0.416169 0.125977 -0.037902 -1.090744 0.828509 0.090758 -1.224943 -0.030339 -0.900956 0.666822 -0.420995 1.509677 -0.451555 1.055064 1.277652 1.648679 2.008918 0.901452 1.641415 -1.007223 0.309752 -0.681531 0.658989 0.233067 -1.652363 0.637360 1.025098 -0.525102 -0.382442 -0.643698 0.731278 -0.041461
-0.260783 0.287281 -1.162589 -0.181795 0.322240 -1.237112 -1.305844 0.336180 0.206263 0.688209 0.259576 -0.433687 -0.699716 0.211456 1.117083 0.800137 -0.542419 0.244150 -0.637740 -0.240997 0.753327 0.764751 -0.268545 -1.706164 0.112526 -1.457607 0.219945 -1.179109 -0.072972 1.634278 1.676360 0.733752
-0.397333 2.170336 -1.086898 -0.294104 -0.498372 1.416868 1.021669 -2.877840 0.230998 -0.765132 -1.441806 -0.222187 -0.678535 -1.546460 -0.085023 0.593034 -0.105587 -0.011479 0.998458 0.465885 0.902334 0.714281 -0.260618 0.184905 0.898400 -1.626537 0.119182 -0.789650 -0.189307 -0.730725 0.015217 0.241909
-0.698566 0.746433 0.535787 -1.046439 -1.019737 -2.235204 -1.271999 -0.544237 -0.270980 2.487805 -0.299644 0.717947 -0.363801 -0.313957 -0.327361 1.258613 -0.508713 1.311704 0.523859 0.169030 -0.058702 -0.090702 0.216431 -0.264174 1.767300 1.294313 0.133227 -0.182534 0.773705 0.911517 1.349301 -2.544683
-1.361391 0.583602 0.535629 -2.150426 0.293652 -0.781997 1.632865 -0.169131 0.722774 -1.945752 -0.723091 -1.693262 -0.350628 -1.158540 -0.457971 -0.056020 -2.765257 0.353497 -0.217939 -1.344625 1.861019 -0.268010 0.521525 1.072331 0.490362 -1.668410 0.391284 -0.176861 0.480372 0.505904 -0.064871 0.329989
-0.061220 1.991750 -0.692753 0.162689 0.060775 -0.435818 -0.885338 1.331707 -0.392398 0.057995 -0.672186 -0.634479 0.410772 -1.492866 0.891524 0.673398 0.924776 0.250360 0.867148 -0.027138 0.523486 0.652075 -0.139666 -0.773425 -0.848361 0.447670 0.608355 -0.417904 0.169171 -1.068933 0.475211 -1.399362
-0.351549 -0.020648 0.136034 -1.136010 -3.120280 -1.473398 -1.789125 -0.055611 0.173617 1.931082 -0.181397 -0.345109 -0.061064 -0.784936 0.392126 1.500797 0.130840 -0.998498 -1.144842 -0.653991 0.436978 0.799960 0.767703 1.773314 -1.296066 -0.823946 0.071574 0.146518 0.397569 0.464736 -0.315681 1.425511
-0.967635 -0.201157 0.663637 1.123245 -0.075390 0.375249 -0.001300 -0.753600 0.123866 0.392037 -0.040994 1.038778 -1.171447 0.375063 -0.216841 1.192002 -0.373311 1.182947 0.068652 -1.221764 -0.283931 1.520490 -0.589762 -0.511931 -0.900303 -0.154297 0.916397 1.547482 -1.781354 0.262411 0.303407 -1.232481
b1:
1.586271
-0.151983
1.482829
0.633693
0.396217
1.046966
0.056052
0.138303
-1.191959
-0.804088
1.279757
-0.393651
0.781305
0.713010
-1.406991
1.062988
0.064029
0.387638
-0.638457
2.109220
-0.508980
-0.531846
0.044617
0.212770
0.230738
0.081616
-1.617506
-0.087242
0.210105
-0.108665
-0.137509
1.035908
W2:
-3.064157
0.676728
-2.963532
-1.938701
-1.491721
-2.342755
-0.413151
-0.918654
1.773545
1.348618
-2.843508
0.848061
-1.828348
-1.509564
2.093829
-1.585515
-0.914256
-0.121972
1.198421
-3.188614
1.509457
1.173217
-0.483536
-0.515016
-1.216083
-0.373410
2.181063
-0.493892
-0.592126
0.085785
0.259070
-2.366347
b2:
-1.536902
