Input size: 16
Hidden size: 32
Output size: 1
W1:
0.113501 -0.662243 -0.187170 1.141893 -0.698365 -1.308362 0.317417 -0.757737 -0.278757 0.052698 -0.350235 -0.283705 0.427992 0.902509 1.053364 -0.924979 0.008878 1.601894 -1.226263 0.404857 -0.115563 -0.086337 -0.116265 0.243150 0.003859 1.050567 -1.216571 1.059540 0.578897 2.014094 0.509804 -0.455551
-0.356593 0.164910 -1.143217 1.693914 -0.602467 0.920722 0.255646 -0.733919 -0.249008 -0.207439 -0.347789 0.733997 -0.168477 -1.147341 -1.190875 0.134583 -0.303527 0.385674 -1.061753 -0.894802 -0.072068 0.658740 0.780799 0.899738 0.013263 -0.669326 0.398492 0.481731 0.750224 -0.100334 -0.072932 -0.113185
-2.420229 2.072122 0.274252 0.518571 0.263376 1.000402 -1.132947 -1.107070 -1.416435 1.550855 -1.220535 0.663240 0.952391 -0.771734 0.053342 -0.627701 -0.666259 -0.167136 1.454016 -1.104968 -1.458259 1.323559 -0.516659 -0.307482 0.892095 -0.083349 1.507528 -1.542569 0.273515 -0.699280 -1.345963 -0.433421
0.765937 -0.515445 0.697656 -0.926720 0.071443 0.090669 0.807718 0.044516 -3.353412 0.196861 0.789605 0.060631 -0.032743 -0.268787 0.227290 -0.276953 -1.180643 -0.145294 -1.954000 -1.054425 0.623929 -0.454814 1.281993 0.968948 0.075077 1.316175 -1.046554 1.073674 -2.762700 0.434804 -0.190456 0.086258
0.094971 1.702013 -0.506764 0.553343 -1.420058 0.749945 0.753305 0.769701 -0.152990 -0.833342 -1.652183 0.906476 0.502096 1.817316 -1.601319 -0.911300 1.574772 -0.590237 -0.176627 -0.581694 0.707400 0.754849 1.823980 -0.821529 0.853831 0.217382 -0.651124 0.329104 0.849634 0.629643 -0.285152 -0.397974
-1.531082 -0.362957 0.567208 -0.178099 -0.322554 0.195247 -0.211535 -1.079168 0.277513 -0.158697 0.052400 1.490504 -0.022178 0.824441 0.829213 0.155359 0.303576 -0.366382 -1.086246 0.004704 -1.111112 -0.874707 0.306010 0.358332 0.877547 1.057352 0.322420 -0.566735 -0.598377 -0.227660 0.870646 -1.786241
-0.820875 0.620177 0.805572 0.073511 0.412132 -0.444128 -0.225422 0.149523 -0.246711 -0.688063 -0.535484 1.452541 -1.029895 1.275727 -2.081355 0.657806 -0.540575 -1.101880 -1.524446 -1.142011 1.010092 -0.252711 -1.001220 1.986990 -1.014248 0.725345 0.092448 -0.180579 1.617117 1.537395 -0.772199 -1.040539
0.210792 -0.482254 0.928938 0.110989 -1.567763 -0.953185 0.655473 -1.707688 0.353049 0.709332 -0.480045 -1.479994 -0.034545 -0.761904 0.937026 -0.429595 -0.536223 -0.341718 0.479656 -0.475463 0.653577 1.002637 -1.687844 -0.235106 0.904900 1.825598 0.203851 1.239279 0.319195 -0.669762 1.357381 0.051881
-1.485325 2.105267 0.182888 0.354957 -0.507732 1.127893 -1.654112 0.074349 -0.838970 1.918445 -1.029808 0.844648 -0.413645 2.055631 0.956806 0.398019 -0.783938 -1.438220 -0.275433 -0.239810 -0.290443 1.198725 -2.016821 -0.389588 0.170808 0.694515 -1.299116 0.971072 -0.947135 1.245420 -0.341142 -0.049962
0.918327 -1.333438 -0.378966 -1.183185 -0.068241 -0.467422 -1.492877 0.125510 -0.295378 1.657342 0.131174 1.741065 -0.945950 0.863922 0.019710 -1.964671 -1.063839 0.673045 -0.434082 0.130125 0.123792 2.112383 0.130282 0.169347 0.254392 0.603042 0.198743 -1.414720 -0.505443 1.312284 0.233241 -0.506911
-0.304292 0.339453 -0.895436 1.517518 0.630874 0.774816 2.306235 -0.018069 0.568750 -0.016272 -0.137782 -2.122255 -0.427650 0.954986 -0.677456 -0.567886 -0.016971 -0.867233 0.454563 -0.418743 0.523789 1.196393 0.103290 1.174987 0.757551 -0.698873 -1.699763 2.141058 -1.182329 -0.978281 0.421535 -1.106569
-1.132082 -0.506271 -0.237636 0.330672 1.422451 -2.461521 0.217920 -0.969446 0.023091 0.991809 -0.205423 0.370383 -1.370192 -1.624714 -1.339321 -0.527358 0.523619 -0.423032 0.956954 -0.629600 -0.270452 1.130120 1.318934 0.134218 -0.530698 -1.242395 -1.392776 0.946244 -1.276226 -1.472805 2.192984 0.081644
0.721755 1.881305 -2.486342 0.267588 -0.858319 -1.523305 0.183650 1.428506 -0.333942 0.015455 -0.118788 -0.706409 0.026850 -0.444538 -0.513726 -0.159116 -0.354617 -0.099079 0.379589 -0.674282 -0.126916 -0.817218 0.030442 -0.627229 1.286425 -2.068904 -0.594901 0.981175 -0.270918 1.146521 0.566608 -1.400847
0.247490 -0.013755 -0.808482 1.094430 -1.614489 -1.397292 -1.039155 -1.043127 0.197490 -0.154754 0.287517 0.040809 0.470482 -0.159339 -0.899801 -0.892045 -1.665386 -0.659583 0.257542 -1.102652 0.426590 -1.504109 1.559603 0.431788 0.002346 -0.720063 -1.207270 0.587392 -0.315795 -0.103437 -0.513463 0.067986
0.108979 0.688328 -0.051860 -1.045759 -0.242244 -0.146578 0.056834 -1.070457 -1.066777 0.211809 -1.578796 0.002034 -0.193300 -0.868727 0.095107 -0.369829 -0.234395 1.583897 0.155046 0.640080 0.663149 0.191534 0.698803 1.578052 -0.410504 0.870483 1.615546 -0.086417 -1.554884 -0.297383 0.632683 -0.787195
-0.759537 -1.419469 -2.565329 0.347070 -1.034214 0.100580 2.860386 -0.025234 0.160147 -1.073854 -0.151665 1.930742 -2.862284 1.173882 0.508449 0.631166 0.087748 1.392607 -1.295301 -0.073050 -0.383089 -0.389639 1.578796 -0.570046 0.676146 -1.444295 -0.446535 -0.037264 0.341793 0.384169 0.838358 0.227256
b1:
0.927249
0.124648
0.746155
-0.463361
1.435933
0.182557
-0.142155
1.370042
1.601199
-0.564974
1.963900
-0.653344
0.874580
0.284198
0.065209
1.402165
0.530967
-0.329787
0.352999
2.378652
-0.107480
-0.382104
-0.009967
-0.584950
-0.848068
-0.202537
0.327386
-0.698008
0.138941
-0.292539
-0.598932
2.668734
W2:
1.998268
-0.055866
1.610936
-1.042925
2.898997
1.323505
-0.801678
2.697124
2.597701
-1.403241
3.627947
-1.416498
2.411910
-0.382992
0.776551
2.792081
1.669249
-0.302020
1.614727
4.035119
-0.212638
-1.264138
-0.423394
-1.535611
-1.764242
-0.547415
1.127449
-1.438205
1.006316
-0.998217
-1.623355
4.401711
b2:
0.637881
